      #Energy        tdos
     -19.66257       0.00000
     -19.64857       0.00000
     -19.63457       0.00000
     -19.61957       0.00000
     -19.60557       0.00000
     -19.59157       0.00000
     -19.57757       0.00000
     -19.56257       0.00000
     -19.54857       0.00000
     -19.53457       0.00000
     -19.52057       0.00000
     -19.50557       0.00000
     -19.49157       0.00000
     -19.47757       0.00000
     -19.46357       0.00000
     -19.44957       0.00000
     -19.43457       0.00000
     -19.42057       0.00000
     -19.40657       0.00000
     -19.39257       0.00000
     -19.37757       0.00000
     -19.36357       0.00000
     -19.34957       0.00000
     -19.33557       0.00000
     -19.32057       0.00000
     -19.30657       0.00000
     -19.29257       0.00000
     -19.27857       0.00000
     -19.26357       0.00000
     -19.24957       0.00000
     -19.23557       0.00000
     -19.22157       0.00000
     -19.20657       0.00000
     -19.19257       0.00000
     -19.17857       0.00000
     -19.16457       0.00000
     -19.15057       0.00000
     -19.13557       0.00000
     -19.12157       0.00000
     -19.10757       0.00000
     -19.09357       0.00000
     -19.07857       0.00000
     -19.06457       0.00000
     -19.05057       0.00000
     -19.03657       0.00000
     -19.02157       0.00000
     -19.00757       0.00000
     -18.99357       0.00000
     -18.97957       0.00000
     -18.96457       0.00000
     -18.95057       0.00000
     -18.93657       0.00000
     -18.92257       0.00000
     -18.90757       0.00000
     -18.89357       0.00000
     -18.87957       0.00000
     -18.86557       0.00000
     -18.85157       0.00000
     -18.83657       0.00000
     -18.82257       0.00000
     -18.80857       0.00000
     -18.79457       0.00000
     -18.77957       0.00000
     -18.76557       0.00000
     -18.75157       0.00000
     -18.73757       0.00000
     -18.72257       0.00000
     -18.70857       0.00000
     -18.69457       0.00000
     -18.68057       0.00000
     -18.66557       0.00000
     -18.65157       0.00000
     -18.63757       0.00000
     -18.62357       0.00000
     -18.60857       0.00000
     -18.59457       0.00000
     -18.58057       0.00000
     -18.56657       0.00000
     -18.55257       0.00000
     -18.53757       0.00000
     -18.52357       0.00000
     -18.50957       0.00002
     -18.49557       0.00013
     -18.48057       0.00064
     -18.46657       0.00263
     -18.45257       0.00945
     -18.43857       0.02961
     -18.42357       0.08116
     -18.40957       0.19530
     -18.39557       0.41420
     -18.38157       0.77920
     -18.36657       1.31300
     -18.35257       2.00600
     -18.33857       2.82400
     -18.32457       3.72400
     -18.30957       4.66900
     -18.29557       5.62400
     -18.28157       6.57000
     -18.26757       7.52400
     -18.25357       8.55500
     -18.23857       9.75600
     -18.22457      11.19000
     -18.21057      12.88000
     -18.19657      14.88000
     -18.18157      17.29000
     -18.16757      20.22000
     -18.15357      23.63000
     -18.13957      27.26000
     -18.12457      30.68000
     -18.11057      33.35000
     -18.09657      34.69000
     -18.08257      34.13000
     -18.06757      31.31000
     -18.05357      26.37000
     -18.03957      20.08000
     -18.02557      13.66000
     -18.01057       8.21200
     -17.99657       4.33000
     -17.98257       1.99000
     -17.96857       0.79370
     -17.95457       0.27370
     -17.93957       0.08138
     -17.92557       0.02082
     -17.91157       0.00458
     -17.89757       0.00086
     -17.88257       0.00014
     -17.86857       0.00002
     -17.85457       0.00000
     -17.84057       0.00000
     -17.82557       0.00000
     -17.81157       0.00000
     -17.79757       0.00000
     -17.78357       0.00000
     -17.76857       0.00000
     -17.75457       0.00000
     -17.74057       0.00000
     -17.72657       0.00000
     -17.71157       0.00000
     -17.69757       0.00000
     -17.68357       0.00000
     -17.66957       0.00000
     -17.65557       0.00000
     -17.64057       0.00000
     -17.62657       0.00000
     -17.61257       0.00000
     -17.59857       0.00000
     -17.58357       0.00000
     -17.56957       0.00000
     -17.55557       0.00000
     -17.54157       0.00000
     -17.52657       0.00000
     -17.51257       0.00000
     -17.49857       0.00000
     -17.48457       0.00000
     -17.46957       0.00000
     -17.45557       0.00000
     -17.44157       0.00000
     -17.42757       0.00000
     -17.41257       0.00000
     -17.39857       0.00000
     -17.38457       0.00000
     -17.37057       0.00000
     -17.35657       0.00000
     -17.34157       0.00000
     -17.32757       0.00000
     -17.31357       0.00000
     -17.29957       0.00000
     -17.28457       0.00000
     -17.27057       0.00000
     -17.25657       0.00000
     -17.24257       0.00000
     -17.22757       0.00000
     -17.21357       0.00000
     -17.19957       0.00000
     -17.18557       0.00000
     -17.17057       0.00000
     -17.15657       0.00000
     -17.14257       0.00000
     -17.12857       0.00000
     -17.11357       0.00000
     -17.09957       0.00000
     -17.08557       0.00000
     -17.07157       0.00000
     -17.05757       0.00000
     -17.04257       0.00000
     -17.02857       0.00000
     -17.01457       0.00000
     -17.00057       0.00000
     -16.98557       0.00000
     -16.97157       0.00000
     -16.95757       0.00000
     -16.94357       0.00000
     -16.92857       0.00000
     -16.91457       0.00000
     -16.90057       0.00000
     -16.88657       0.00000
     -16.87157       0.00000
     -16.85757       0.00000
     -16.84357       0.00001
     -16.82957       0.00006
     -16.81457       0.00030
     -16.80057       0.00136
     -16.78657       0.00535
     -16.77257       0.01832
     -16.75857       0.05488
     -16.74357       0.14490
     -16.72957       0.34000
     -16.71557       0.71470
     -16.70157       1.35600
     -16.68657       2.34000
     -16.67257       3.69400
     -16.65857       5.37100
     -16.64457       7.24900
     -16.62957       9.17700
     -16.61557      11.05000
     -16.60157      12.86000
     -16.58757      14.70000
     -16.57257      16.66000
     -16.55857      18.67000
     -16.54457      20.46000
     -16.53057      21.62000
     -16.51557      21.78000
     -16.50157      20.89000
     -16.48757      19.31000
     -16.47357      17.66000
     -16.45957      16.58000
     -16.44457      16.34000
     -16.43057      16.77000
     -16.41657      17.36000
     -16.40257      17.59000
     -16.38757      17.24000
     -16.37357      16.48000
     -16.35957      15.78000
     -16.34557      15.65000
     -16.33057      16.39000
     -16.31657      17.92000
     -16.30257      19.78000
     -16.28857      21.33000
     -16.27357      22.04000
     -16.25957      21.75000
     -16.24557      20.71000
     -16.23157      19.37000
     -16.21657      18.14000
     -16.20257      17.25000
     -16.18857      16.79000
     -16.17457      16.71000
     -16.16057      16.87000
     -16.14557      17.08000
     -16.13157      17.14000
     -16.11757      16.96000
     -16.10357      16.55000
     -16.08857      16.00000
     -16.07457      15.38000
     -16.06057      14.76000
     -16.04657      14.17000
     -16.03157      13.57000
     -16.01757      12.85000
     -16.00357      11.87000
     -15.98957      10.59000
     -15.97457       9.08000
     -15.96057       7.53800
     -15.94657       6.16500
     -15.93257       5.08200
     -15.91757       4.27400
     -15.90357       3.62200
     -15.88957       2.99400
     -15.87557       2.33000
     -15.86157       1.66000
     -15.84657       1.06500
     -15.83257       0.60790
     -15.81857       0.30710
     -15.80457       0.13660
     -15.78957       0.05326
     -15.77557       0.01815
     -15.76157       0.00539
     -15.74757       0.00139
     -15.73257       0.00031
     -15.71857       0.00006
     -15.70457       0.00001
     -15.69057       0.00000
     -15.67557       0.00000
     -15.66157       0.00000
     -15.64757       0.00000
     -15.63357       0.00000
     -15.61857       0.00000
     -15.60457       0.00000
     -15.59057       0.00000
     -15.57657       0.00000
     -15.56257       0.00000
     -15.54757       0.00000
     -15.53357       0.00000
     -15.51957       0.00000
     -15.50557       0.00000
     -15.49057       0.00000
     -15.47657       0.00000
     -15.46257       0.00000
     -15.44857       0.00000
     -15.43357       0.00000
     -15.41957       0.00000
     -15.40557       0.00000
     -15.39157       0.00000
     -15.37657       0.00000
     -15.36257       0.00000
     -15.34857       0.00000
     -15.33457       0.00000
     -15.31957       0.00000
     -15.30557       0.00000
     -15.29157       0.00000
     -15.27757       0.00000
     -15.26357       0.00000
     -15.24857       0.00000
     -15.23457       0.00000
     -15.22057       0.00000
     -15.20657       0.00000
     -15.19157       0.00000
     -15.17757       0.00000
     -15.16357       0.00001
     -15.14957       0.00004
     -15.13457       0.00021
     -15.12057       0.00094
     -15.10657       0.00352
     -15.09257       0.01138
     -15.07757       0.03181
     -15.06357       0.07739
     -15.04957       0.16530
     -15.03557       0.31410
     -15.02057       0.53970
     -15.00657       0.85440
     -14.99257       1.26700
     -14.97857       1.78000
     -14.96457       2.39000
     -14.94957       3.08900
     -14.93557       3.89200
     -14.92157       4.83700
     -14.90757       5.96200
     -14.89257       7.25100
     -14.87857       8.61600
     -14.86457       9.93300
     -14.85057      11.11000
     -14.83557      12.16000
     -14.82157      13.13000
     -14.80757      14.10000
     -14.79357      15.11000
     -14.77857      16.21000
     -14.76457      17.45000
     -14.75057      18.88000
     -14.73657      20.39000
     -14.72157      21.66000
     -14.70757      22.24000
     -14.69357      21.86000
     -14.67957      20.59000
     -14.66557      18.90000
     -14.65057      17.35000
     -14.63657      16.37000
     -14.62257      16.05000
     -14.60857      16.12000
     -14.59357      16.16000
     -14.57957      15.71000
     -14.56557      14.53000
     -14.55157      12.63000
     -14.53657      10.32000
     -14.52257       8.14000
     -14.50857       6.66400
     -14.49457       6.31200
     -14.47957       7.16100
     -14.46557       8.90000
     -14.45157      10.94000
     -14.43757      12.67000
     -14.42257      13.68000
     -14.40857      13.87000
     -14.39457      13.39000
     -14.38057      12.49000
     -14.36657      11.41000
     -14.35157      10.37000
     -14.33757       9.54200
     -14.32357       9.02500
     -14.30957       8.78400
     -14.29457       8.68000
     -14.28057       8.54200
     -14.26657       8.25600
     -14.25257       7.84200
     -14.23757       7.44600
     -14.22357       7.23900
     -14.20957       7.28100
     -14.19557       7.45200
     -14.18057       7.52100
     -14.16657       7.31400
     -14.15257       6.86900
     -14.13857       6.47500
     -14.12357       6.54000
     -14.10957       7.33500
     -14.09557       8.77800
     -14.08157      10.41000
     -14.06757      11.64000
     -14.05257      12.06000
     -14.03857      11.68000
     -14.02457      10.84000
     -14.01057      10.02000
     -13.99557       9.59500
     -13.98157       9.75900
     -13.96757      10.43000
     -13.95357      11.29000
     -13.93857      11.91000
     -13.92457      11.97000
     -13.91057      11.37000
     -13.89657      10.30000
     -13.88157       9.15700
     -13.86757       8.34300
     -13.85357       8.05300
     -13.83957       8.13900
     -13.82457       8.20000
     -13.81057       7.85200
     -13.79657       7.01000
     -13.78257       5.95600
     -13.76857       5.14600
     -13.75357       4.91600
     -13.73957       5.27600
     -13.72557       5.93500
     -13.71157       6.50200
     -13.69657       6.70000
     -13.68257       6.48400
     -13.66857       6.00300
     -13.65457       5.48600
     -13.63957       5.11700
     -13.62557       4.94000
     -13.61157       4.84300
     -13.59757       4.61900
     -13.58257       4.10500
     -13.56857       3.29100
     -13.55457       2.33500
     -13.54057       1.45800
     -13.52557       0.83370
     -13.51157       0.55370
     -13.49757       0.67970
     -13.48357       1.31500
     -13.46957       2.59800
     -13.45457       4.59700
     -13.44057       7.15300
     -13.42657       9.81400
     -13.41257      11.94000
     -13.39757      12.97000
     -13.38357      12.71000
     -13.36957      11.44000
     -13.35557       9.81000
     -13.34057       8.58600
     -13.32657       8.32400
     -13.31257       9.17300
     -13.29857      10.85000
     -13.28357      12.80000
     -13.26957      14.44000
     -13.25557      15.38000
     -13.24157      15.44000
     -13.22657      14.60000
     -13.21257      12.93000
     -13.19857      10.60000
     -13.18457       7.92600
     -13.17057       5.38600
     -13.15557       3.38800
     -13.14157       2.12400
     -13.12757       1.52900
     -13.11357       1.38000
     -13.09857       1.43800
     -13.08457       1.54700
     -13.07057       1.64900
     -13.05657       1.74600
     -13.04157       1.84700
     -13.02757       1.94200
     -13.01357       2.00800
     -12.99957       2.05200
     -12.98457       2.12200
     -12.97057       2.28100
     -12.95657       2.53600
     -12.94257       2.80300
     -12.92757       2.94400
     -12.91357       2.85300
     -12.89957       2.53500
     -12.88557       2.11900
     -12.87157       1.79300
     -12.85657       1.71300
     -12.84257       1.94100
     -12.82857       2.47900
     -12.81457       3.37300
     -12.79957       4.78100
     -12.78557       6.88700
     -12.77157       9.65100
     -12.75757      12.59000
     -12.74257      14.91000
     -12.72857      15.98000
     -12.71457      15.77000
     -12.70057      14.88000
     -12.68557      13.98000
     -12.67157      13.30000
     -12.65757      12.61000
     -12.64357      11.59000
     -12.62857      10.19000
     -12.61457       8.60300
     -12.60057       7.12800
     -12.58657       5.97100
     -12.57157       5.19900
     -12.55757       4.78400
     -12.54357       4.65500
     -12.52957       4.73200
     -12.51557       4.91000
     -12.50057       5.04600
     -12.48657       4.97300
     -12.47257       4.57700
     -12.45857       3.89000
     -12.44357       3.12700
     -12.42957       2.62100
     -12.41557       2.67100
     -12.40157       3.37200
     -12.38657       4.51300
     -12.37257       5.61900
     -12.35857       6.17000
     -12.34457       5.88600
     -12.32957       4.89800
     -12.31557       3.64600
     -12.30157       2.60800
     -12.28757       2.05500
     -12.27257       1.97400
     -12.25857       2.16900
     -12.24457       2.41100
     -12.23057       2.56400
     -12.21657       2.62600
     -12.20157       2.70600
     -12.18757       2.95300
     -12.17357       3.49200
     -12.15957       4.35300
     -12.14457       5.44400
     -12.13057       6.58900
     -12.11657       7.63600
     -12.10257       8.55200
     -12.08757       9.44300
     -12.07357      10.44000
     -12.05957      11.56000
     -12.04557      12.71000
     -12.03057      13.75000
     -12.01657      14.59000
     -12.00257      15.15000
     -11.98857      15.27000
     -11.97357      14.69000
     -11.95957      13.26000
     -11.94557      11.10000
     -11.93157       8.62500
     -11.91757       6.38300
     -11.90257       4.84800
     -11.88857       4.22800
     -11.87457       4.44300
     -11.86057       5.23100
     -11.84557       6.29000
     -11.83157       7.34300
     -11.81757       8.14900
     -11.80357       8.50700
     -11.78857       8.30000
     -11.77457       7.54200
     -11.76057       6.36400
     -11.74657       4.96900
     -11.73157       3.58000
     -11.71757       2.41800
     -11.70357       1.68600
     -11.68957       1.55000
     -11.67457       2.13000
     -11.66057       3.44900
     -11.64657       5.37100
     -11.63257       7.57200
     -11.61857       9.62000
     -11.60357      11.14000
     -11.58957      11.93000
     -11.57557      12.00000
     -11.56157      11.43000
     -11.54657      10.37000
     -11.53257       9.05500
     -11.51857       7.78800
     -11.50457       6.82700
     -11.48957       6.25400
     -11.47557       5.95500
     -11.46157       5.74200
     -11.44757       5.50100
     -11.43257       5.23200
     -11.41857       4.99100
     -11.40457       4.81300
     -11.39057       4.69600
     -11.37557       4.62200
     -11.36157       4.57800
     -11.34757       4.55100
     -11.33357       4.53100
     -11.31957       4.51600
     -11.30457       4.51900
     -11.29057       4.54800
     -11.27657       4.59000
     -11.26257       4.62000
     -11.24757       4.61900
     -11.23357       4.58800
     -11.21957       4.54700
     -11.20557       4.53200
     -11.19057       4.57400
     -11.17657       4.66500
     -11.16257       4.72900
     -11.14857       4.64700
     -11.13357       4.33800
     -11.11957       3.84100
     -11.10557       3.33600
     -11.09157       3.07600
     -11.07657       3.27200
     -11.06257       3.97700
     -11.04857       5.01500
     -11.03457       6.00000
     -11.02057       6.48300
     -11.00557       6.18300
     -10.99157       5.15300
     -10.97757       3.74200
     -10.96357       2.39700
     -10.94857       1.46100
     -10.93457       1.10700
     -10.92057       1.38400
     -10.90657       2.25800
     -10.89157       3.56600
     -10.87757       4.95500
     -10.86357       5.94100
     -10.84957       6.13100
     -10.83457       5.45300
     -10.82057       4.20100
     -10.80657       2.84000
     -10.79257       1.73900
     -10.77757       1.03300
     -10.76357       0.66130
     -10.74957       0.49050
     -10.73557       0.41240
     -10.72157       0.37090
     -10.70657       0.35200
     -10.69257       0.37190
     -10.67857       0.48200
     -10.66457       0.78950
     -10.64957       1.46600
     -10.63557       2.70700
     -10.62157       4.60900
     -10.60757       7.01600
     -10.59257       9.44700
     -10.57857      11.21000
     -10.56457      11.72000
     -10.55057      10.81000
     -10.53557       8.85500
     -10.52157       6.61000
     -10.50757       4.91900
     -10.49357       4.40400
     -10.47857       5.27300
     -10.46457       7.25000
     -10.45057       9.62400
     -10.43657      11.48000
     -10.42257      12.08000
     -10.40757      11.25000
     -10.39357       9.41700
     -10.37957       7.30500
     -10.36557       5.53200
     -10.35057       4.36100
     -10.33657       3.75700
     -10.32257       3.59200
     -10.30857       3.78700
     -10.29357       4.33600
     -10.27957       5.24400
     -10.26557       6.49300
     -10.25157       8.02700
     -10.23657       9.73200
     -10.22257      11.38000
     -10.20857      12.63000
     -10.19457      13.09000
     -10.17957      12.55000
     -10.16557      11.06000
     -10.15157       8.94100
     -10.13757       6.61300
     -10.12357       4.46300
     -10.10857       2.74400
     -10.09457       1.56200
     -10.08057       0.92900
     -10.06657       0.82580
     -10.05157       1.25300
     -10.03757       2.20300
     -10.02357       3.56200
     -10.00957       5.02600
      -9.99457       6.15800
      -9.98057       6.60800
      -9.96657       6.33400
      -9.95257       5.61500
      -9.93757       4.84200
      -9.92357       4.26600
      -9.90957       3.92600
      -9.89557       3.74100
      -9.88057       3.63300
      -9.86657       3.56900
      -9.85257       3.51800
      -9.83857       3.42900
      -9.82457       3.24900
      -9.80957       2.99700
      -9.79557       2.79300
      -9.78157       2.81700
      -9.76757       3.19800
      -9.75257       3.93400
      -9.73857       4.91900
      -9.72457       6.05800
      -9.71057       7.34500
      -9.69557       8.80700
      -9.68157      10.35000
      -9.66757      11.67000
      -9.65357      12.35000
      -9.63857      12.12000
      -9.62457      11.07000
      -9.61057       9.55700
      -9.59657       7.98300
      -9.58157       6.58500
      -9.56757       5.43700
      -9.55357       4.55800
      -9.53957       4.00900
      -9.52557       3.89200
      -9.51057       4.30200
      -9.49657       5.25300
      -9.48257       6.61800
      -9.46857       8.13200
      -9.45357       9.46000
      -9.43957      10.30000
      -9.42557      10.45000
      -9.41157       9.80700
      -9.39657       8.45600
      -9.38257       6.69800
      -9.36857       5.02600
      -9.35457       3.96800
      -9.33957       3.88600
      -9.32557       4.83200
      -9.31157       6.51500
      -9.29757       8.40000
      -9.28257       9.89000
      -9.26857      10.52000
      -9.25457      10.09000
      -9.24057       8.69800
      -9.22657       6.70700
      -9.21157       4.59200
      -9.19757       2.77300
      -9.18357       1.47400
      -9.16957       0.71660
      -9.15457       0.40340
      -9.14057       0.44180
      -9.12657       0.80220
      -9.11257       1.49500
      -9.09757       2.49400
      -9.08357       3.65900
      -9.06957       4.72900
      -9.05557       5.40700
      -9.04057       5.48600
      -9.02657       4.95200
      -9.01257       4.00500
      -8.99857       2.99100
      -8.98357       2.28000
      -8.96957       2.15300
      -8.95557       2.70400
      -8.94157       3.78600
      -8.92757       5.01100
      -8.91257       5.87600
      -8.89857       5.99200
      -8.88457       5.28600
      -8.87057       4.02900
      -8.85557       2.65100
      -8.84157       1.50400
      -8.82757       0.73550
      -8.81357       0.30970
      -8.79857       0.11210
      -8.78457       0.03489
      -8.77057       0.00933
      -8.75657       0.00217
      -8.74157       0.00061
      -8.72757       0.00087
      -8.71357       0.00298
      -8.69957       0.00955
      -8.68457       0.02678
      -8.67057       0.06623
      -8.65657       0.14650
      -8.64257       0.29460
      -8.62857       0.54580
      -8.61357       0.94000
      -8.59957       1.50700
      -8.58557       2.24000
      -8.57157       3.07900
      -8.55657       3.93000
      -8.54257       4.71000
      -8.52857       5.40300
      -8.51457       6.04700
      -8.49957       6.68400
      -8.48557       7.32500
      -8.47157       7.95800
      -8.45757       8.58200
      -8.44257       9.20400
      -8.42857       9.79900
      -8.41457      10.32000
      -8.40057      10.75000
      -8.38557      11.22000
      -8.37157      11.96000
      -8.35757      13.26000
      -8.34357      15.27000
      -8.32957      17.85000
      -8.31457      20.49000
      -8.30057      22.51000
      -8.28657      23.48000
      -8.27257      23.69000
      -8.25757      24.10000
      -8.24357      25.66000
      -8.22957      28.49000
      -8.21557      31.54000
      -8.20057      33.18000
      -8.18657      32.30000
      -8.17257      29.08000
      -8.15857      24.82000
      -8.14357      21.00000
      -8.12957      18.38000
      -8.11557      16.63000
      -8.10157      14.88000
      -8.08657      12.56000
      -8.07257       9.90100
      -8.05857       7.75800
      -8.04457       7.01200
      -8.03057       7.94100
      -8.01557       9.97600
      -8.00157      11.93000
      -7.98757      12.61000
      -7.97357      11.51000
      -7.95857       9.01600
      -7.94457       6.12300
      -7.93057       3.81200
      -7.91657       2.68100
      -7.90157       2.93500
      -7.88757       4.50800
      -7.87357       7.09600
      -7.85957      10.12000
      -7.84457      12.83000
      -7.83057      14.73000
      -7.81657      15.86000
      -7.80257      16.70000
      -7.78757      17.73000
      -7.77357      18.87000
      -7.75957      19.56000
      -7.74557      19.33000
      -7.73157      18.29000
      -7.71657      17.15000
      -7.70257      16.56000
      -7.68857      16.56000
      -7.67457      16.44000
      -7.65957      15.34000
      -7.64557      12.93000
      -7.63157       9.61100
      -7.61757       6.23500
      -7.60257       3.51000
      -7.58857       1.71000
      -7.57457       0.72200
      -7.56057       0.27350
      -7.54557       0.13270
      -7.53157       0.20460
      -7.51757       0.56590
      -7.50357       1.47400
      -7.48857       3.31100
      -7.47457       6.36600
      -7.46057      10.48000
      -7.44657      14.78000
      -7.43257      17.90000
      -7.41757      18.69000
      -7.40357      17.08000
      -7.38957      14.18000
      -7.37557      11.69000
      -7.36057      10.88000
      -7.34657      11.90000
      -7.33257      13.94000
      -7.31857      15.94000
      -7.30357      17.26000
      -7.28957      17.81000
      -7.27557      17.68000
      -7.26157      16.79000
      -7.24657      15.00000
      -7.23257      12.49000
      -7.21857       9.82300
      -7.20457       7.56500
      -7.18957       5.95200
      -7.17557       4.85100
      -7.16157       4.03600
      -7.14757       3.39400
      -7.13357       2.93400
      -7.11857       2.66700
      -7.10457       2.52900
      -7.09057       2.39500
      -7.07657       2.16600
      -7.06157       1.83700
      -7.04757       1.49600
      -7.03357       1.26900
      -7.01957       1.23700
      -7.00457       1.41500
      -6.99057       1.75500
      -6.97657       2.17900
      -6.96257       2.57800
      -6.94757       2.82300
      -6.93357       2.81500
      -6.91957       2.56700
      -6.90557       2.22800
      -6.89057       2.01100
      -6.87657       2.06500
      -6.86257       2.38100
      -6.84857       2.80600
      -6.83457       3.13600
      -6.81957       3.22900
      -6.80557       3.08600
      -6.79157       2.83900
      -6.77757       2.66700
      -6.76257       2.69100
      -6.74857       2.91400
      -6.73457       3.23600
      -6.72057       3.51200
      -6.70557       3.63400
      -6.69157       3.56300
      -6.67757       3.34200
      -6.66357       3.07100
      -6.64857       2.89200
      -6.63457       2.94200
      -6.62057       3.28400
      -6.60657       3.84500
      -6.59157       4.44600
      -6.57757       4.88900
      -6.56357       5.05900
      -6.54957       4.93700
      -6.53557       4.58800
      -6.52057       4.12700
      -6.50657       3.72000
      -6.49257       3.55900
      -6.47857       3.80100
      -6.46357       4.51600
      -6.44957       5.65100
      -6.43557       7.08100
      -6.42157       8.69400
      -6.40657      10.49000
      -6.39257      12.60000
      -6.37857      15.18000
      -6.36457      18.22000
      -6.34957      21.44000
      -6.33557      24.31000
      -6.32157      26.19000
      -6.30757      26.58000
      -6.29257      25.42000
      -6.27857      23.13000
      -6.26457      20.51000
      -6.25057      18.37000
      -6.23657      17.15000
      -6.22157      16.85000
      -6.20757      17.25000
      -6.19357      18.38000
      -6.17957      20.57000
      -6.16457      24.18000
      -6.15057      29.01000
      -6.13657      34.00000
      -6.12257      37.49000
      -6.10757      38.07000
      -6.09357      35.37000
      -6.07957      30.29000
      -6.06557      24.47000
      -6.05057      19.48000
      -6.03657      16.13000
      -6.02257      14.55000
      -6.00857      14.48000
      -5.99357      15.72000
      -5.97957      17.96000
      -5.96557      20.58000
      -5.95157      22.60000
      -5.93757      23.13000
      -5.92257      22.06000
      -5.90857      20.17000
      -5.89457      18.55000
      -5.88057      17.83000
      -5.86557      17.82000
      -5.85157      17.80000
      -5.83757      17.25000
      -5.82357      16.14000
      -5.80857      14.87000
      -5.79457      13.82000
      -5.78057      13.02000
      -5.76657      12.30000
      -5.75157      11.59000
      -5.73757      11.17000
      -5.72357      11.45000
      -5.70957      12.53000
      -5.69457      13.95000
      -5.68057      14.90000
      -5.66657      14.68000
      -5.65257      13.21000
      -5.63857      10.91000
      -5.62357       8.45500
      -5.60957       6.30100
      -5.59557       4.58500
      -5.58157       3.23200
      -5.56657       2.15400
      -5.55257       1.33100
      -5.53857       0.77610
      -5.52457       0.47220
      -5.50957       0.36510
      -5.49557       0.40150
      -5.48157       0.56560
      -5.46757       0.87640
      -5.45257       1.34100
      -5.43857       1.89500
      -5.42457       2.39900
      -5.41057       2.69800
      -5.39557       2.72400
      -5.38157       2.54600
      -5.36757       2.33000
      -5.35357       2.24200
      -5.33957       2.37600
      -5.32457       2.73400
      -5.31057       3.25600
      -5.29657       3.86900
      -5.28257       4.52000
      -5.26757       5.19600
      -5.25357       5.89700
      -5.23957       6.58300
      -5.22557       7.14100
      -5.21057       7.44000
      -5.19657       7.44700
      -5.18257       7.28600
      -5.16857       7.18300
      -5.15357       7.33000
      -5.13957       7.79100
      -5.12557       8.46000
      -5.11157       9.10400
      -5.09657       9.47200
      -5.08257       9.42400
      -5.06857       9.00100
      -5.05457       8.37200
      -5.04057       7.74600
      -5.02557       7.30900
      -5.01157       7.20400
      -4.99757       7.47600
      -4.98357       8.00000
      -4.96857       8.49500
      -4.95457       8.66600
      -4.94057       8.39900
      -4.92657       7.81500
      -4.91157       7.14600
      -4.89757       6.58200
      -4.88357       6.22000
      -4.86957       6.08800
      -4.85457       6.14100
      -4.84057       6.24800
      -4.82657       6.21300
      -4.81257       5.88700
      -4.79757       5.28900
      -4.78357       4.60900
      -4.76957       4.10000
      -4.75557       3.93800
      -4.74157       4.15300
      -4.72657       4.65100
      -4.71257       5.26100
      -4.69857       5.79000
      -4.68457       6.07100
      -4.66957       6.03500
      -4.65557       5.74300
      -4.64157       5.37800
      -4.62757       5.16500
      -4.61257       5.27100
      -4.59857       5.74600
      -4.58457       6.50300
      -4.57057       7.35700
      -4.55557       8.08300
      -4.54157       8.48100
      -4.52757       8.44100
      -4.51357       7.99600
      -4.49857       7.32200
      -4.48457       6.67000
      -4.47057       6.25900
      -4.45657       6.16100
      -4.44257       6.27500
      -4.42757       6.39500
      -4.41357       6.35000
      -4.39957       6.12700
      -4.38557       5.89100
      -4.37057       5.88300
      -4.35657       6.25400
      -4.34257       6.96500
      -4.32857       7.79400
      -4.31357       8.45900
      -4.29957       8.75400
      -4.28557       8.63200
      -4.27157       8.17900
      -4.25657       7.55100
      -4.24257       6.91700
      -4.22857       6.42400
      -4.21457       6.15100
      -4.19957       6.06100
      -4.18557       6.01300
      -4.17157       5.85500
      -4.15757       5.54100
      -4.14357       5.14800
      -4.12857       4.77800
      -4.11457       4.46400
      -4.10057       4.17500
      -4.08657       3.91200
      -4.07157       3.75900
      -4.05757       3.84400
      -4.04357       4.24500
      -4.02957       4.93800
      -4.01457       5.79600
      -4.00057       6.64200
      -3.98657       7.29500
      -3.97257       7.64300
      -3.95757       7.68900
      -3.94357       7.57200
      -3.92957       7.47500
      -3.91557       7.49200
      -3.90057       7.53600
      -3.88657       7.39900
      -3.87257       6.93200
      -3.85857       6.18100
      -3.84457       5.37200
      -3.82957       4.75100
      -3.81557       4.42800
      -3.80157       4.33500
      -3.78757       4.31900
      -3.77257       4.26700
      -3.75857       4.17400
      -3.74457       4.10900
      -3.73057       4.15600
      -3.71557       4.36200
      -3.70157       4.72000
      -3.68757       5.17000
      -3.67357       5.62600
      -3.65857       6.01900
      -3.64457       6.35200
      -3.63057       6.69500
      -3.61657       7.11200
      -3.60157       7.56900
      -3.58757       7.91600
      -3.57357       7.97500
      -3.55957       7.68500
      -3.54557       7.17100
      -3.53057       6.68700
      -3.51657       6.48900
      -3.50257       6.70100
      -3.48857       7.25900
      -3.47357       7.92500
      -3.45957       8.40400
      -3.44557       8.48700
      -3.43157       8.14700
      -3.41657       7.52200
      -3.40257       6.82100
      -3.38857       6.23500
      -3.37457       5.92000
      -3.35957       5.98000
      -3.34557       6.43400
      -3.33157       7.15700
      -3.31757       7.87000
      -3.30257       8.25200
      -3.28857       8.10000
      -3.27457       7.43800
      -3.26057       6.48700
      -3.24657       5.54300
      -3.23157       4.85900
      -3.21757       4.60000
      -3.20357       4.84100
      -3.18957       5.56400
      -3.17457       6.63900
      -3.16057       7.81300
      -3.14657       8.78400
      -3.13257       9.34300
      -3.11757       9.47600
      -3.10357       9.34600
      -3.08957       9.16300
      -3.07557       9.06400
      -3.06057       9.08500
      -3.04657       9.20000
      -3.03257       9.35000
      -3.01857       9.46600
      -3.00357       9.48700
      -2.98957       9.42000
      -2.97557       9.37400
      -2.96157       9.53500
      -2.94757      10.07000
      -2.93257      11.05000
      -2.91857      12.40000
      -2.90457      13.92000
      -2.89057      15.31000
      -2.87557      16.24000
      -2.86157      16.41000
      -2.84757      15.70000
      -2.83357      14.31000
      -2.81857      12.80000
      -2.80457      11.97000
      -2.79057      12.59000
      -2.77657      15.00000
      -2.76157      18.98000
      -2.74757      23.75000
      -2.73357      28.34000
      -2.71957      31.84000
      -2.70457      33.72000
      -2.69057      33.89000
      -2.67657      32.69000
      -2.66257      30.73000
      -2.64857      28.63000
      -2.63357      26.79000
      -2.61957      25.34000
      -2.60557      24.21000
      -2.59157      23.32000
      -2.57657      22.70000
      -2.56257      22.48000
      -2.54857      22.74000
      -2.53457      23.37000
      -2.51957      23.99000
      -2.50557      24.19000
      -2.49157      23.74000
      -2.47757      22.80000
      -2.46257      21.77000
      -2.44857      21.13000
      -2.43457      21.19000
      -2.42057      22.08000
      -2.40557      23.64000
      -2.39157      25.41000
      -2.37757      26.73000
      -2.36357      26.98000
      -2.34957      25.91000
      -2.33457      23.83000
      -2.32057      21.40000
      -2.30657      19.32000
      -2.29257      17.91000
      -2.27757      17.17000
      -2.26357      16.86000
      -2.24957      16.76000
      -2.23557      16.74000
      -2.22057      16.68000
      -2.20657      16.50000
      -2.19257      16.16000
      -2.17857      15.83000
      -2.16357      15.76000
      -2.14957      16.08000
      -2.13557      16.67000
      -2.12157      17.12000
      -2.10657      17.09000
      -2.09257      16.51000
      -2.07857      15.72000
      -2.06457      15.22000
      -2.05057      15.43000
      -2.03557      16.37000
      -2.02157      17.75000
      -2.00757      19.12000
      -1.99357      20.07000
      -1.97857      20.45000
      -1.96457      20.29000
      -1.95057      19.78000
      -1.93657      19.17000
      -1.92157      18.62000
      -1.90757      18.14000
      -1.89357      17.63000
      -1.87957      17.01000
      -1.86457      16.36000
      -1.85057      15.89000
      -1.83657      15.79000
      -1.82257      16.07000
      -1.80757      16.58000
      -1.79357      17.06000
      -1.77957      17.27000
      -1.76557      16.96000
      -1.75157      16.00000
      -1.73657      14.39000
      -1.72257      12.32000
      -1.70857      10.13000
      -1.69457       8.14900
      -1.67957       6.65900
      -1.66557       5.80300
      -1.65157       5.60100
      -1.63757       5.94800
      -1.62257       6.63500
      -1.60857       7.40600
      -1.59457       8.01400
      -1.58057       8.26900
      -1.56557       8.07400
      -1.55157       7.46700
      -1.53757       6.62900
      -1.52357       5.80800
      -1.50857       5.18300
      -1.49457       4.76700
      -1.48057       4.43200
      -1.46657       4.03400
      -1.45257       3.52300
      -1.43757       2.94500
      -1.42357       2.39300
      -1.40957       1.95400
      -1.39557       1.68600
      -1.38057       1.60300
      -1.36657       1.67100
      -1.35257       1.82800
      -1.33857       2.03100
      -1.32357       2.27100
      -1.30957       2.54700
      -1.29557       2.82500
      -1.28157       3.02400
      -1.26657       3.06100
      -1.25257       2.92300
      -1.23857       2.70800
      -1.22457       2.56900
      -1.20957       2.62100
      -1.19557       2.88200
      -1.18157       3.27700
      -1.16757       3.69800
      -1.15357       4.04700
      -1.13857       4.25800
      -1.12457       4.29700
      -1.11057       4.15900
      -1.09657       3.85400
      -1.08157       3.41500
      -1.06757       2.91500
      -1.05357       2.47400
      -1.03957       2.21300
      -1.02457       2.17700
      -1.01057       2.28700
      -0.99657       2.38600
      -0.98257       2.33100
      -0.96757       2.08500
      -0.95357       1.73100
      -0.93957       1.43700
      -0.92557       1.38600
      -0.91057       1.72200
      -0.89657       2.48800
      -0.88257       3.60100
      -0.86857       4.87100
      -0.85457       6.09100
      -0.83957       7.13000
      -0.82557       7.96700
      -0.81157       8.63200
      -0.79757       9.11100
      -0.78257       9.31200
      -0.76857       9.12000
      -0.75457       8.48800
      -0.74057       7.50700
      -0.72557       6.39700
      -0.71157       5.41300
      -0.69757       4.74300
      -0.68357       4.44700
      -0.66857       4.50300
      -0.65457       4.88400
      -0.64057       5.57200
      -0.62657       6.49500
      -0.61157       7.47300
      -0.59757       8.27400
      -0.58357       8.75700
      -0.56957       8.96500
      -0.55557       9.09500
      -0.54057       9.34900
      -0.52657       9.79800
      -0.51257      10.32000
      -0.49857      10.69000
      -0.48357      10.67000
      -0.46957      10.18000
      -0.45557       9.30400
      -0.44157       8.19700
      -0.42657       7.00000
      -0.41257       5.78700
      -0.39857       4.60200
      -0.38457       3.50800
      -0.36957       2.59900
      -0.35557       1.95200
      -0.34157       1.59000
      -0.32757       1.45700
      -0.31257       1.45300
      -0.29857       1.48500
      -0.28457       1.50500
      -0.27057       1.51100
      -0.25657       1.52000
      -0.24157       1.53000
      -0.22757       1.53000
      -0.21357       1.52100
      -0.19957       1.53700
      -0.18457       1.61300
      -0.17057       1.73900
      -0.15657       1.85200
      -0.14257       1.87500
      -0.12757       1.78000
      -0.11357       1.60000
      -0.09957       1.40800
      -0.08557       1.26100
      -0.07057       1.17800
      -0.05657       1.14700
      -0.04257       1.14200
      -0.02857       1.13900
      -0.01357       1.12500
       0.00043       1.09700
       0.01443       1.05100
       0.02843       0.99170
       0.04243       0.93900
       0.05743       0.92840
       0.07143       0.98860
       0.08543       1.10800
       0.09943       1.22600
       0.11443       1.26700
       0.12843       1.19400
       0.14243       1.04000
       0.15643       0.88470
       0.17143       0.79660
       0.18543       0.78890
       0.19943       0.81740
       0.21343       0.81660
       0.22843       0.74450
       0.24243       0.60560
       0.25643       0.44230
       0.27043       0.30860
       0.28543       0.24470
       0.29943       0.26610
       0.31343       0.36420
       0.32743       0.51540
       0.34143       0.69120
       0.35643       0.86690
       0.37043       1.02400
       0.38443       1.15300
       0.39843       1.26600
       0.41343       1.40200
       0.42743       1.61200
       0.44143       1.91800
       0.45543       2.28100
       0.47043       2.62200
       0.48443       2.90000
       0.49843       3.17100
       0.51243       3.55800
       0.52743       4.13900
       0.54143       4.83900
       0.55543       5.43400
       0.56943       5.69300
       0.58443       5.54600
       0.59843       5.13000
       0.61243       4.69200
       0.62643       4.41000
       0.64043       4.31400
       0.65543       4.33000
       0.66943       4.39400
       0.68343       4.48700
       0.69743       4.59400
       0.71243       4.67000
       0.72643       4.66600
       0.74043       4.57700
       0.75443       4.43100
       0.76943       4.25100
       0.78343       4.04400
       0.79743       3.85200
       0.81143       3.77400
       0.82643       3.94100
       0.84043       4.45000
       0.85443       5.28900
       0.86843       6.30100
       0.88343       7.20200
       0.89743       7.70700
       0.91143       7.67800
       0.92543       7.19700
       0.93943       6.49100
       0.95443       5.79600
       0.96843       5.24900
       0.98243       4.85600
       0.99643       4.52900
       1.01143       4.16300
       1.02543       3.72600
       1.03943       3.28900
       1.05343       2.97800
       1.06843       2.88600
       1.08243       3.00600
       1.09643       3.23600
       1.11043       3.44300
       1.12543       3.53200
       1.13943       3.50900
       1.15343       3.48700
       1.16743       3.62500
       1.18243       4.02200
       1.19643       4.63300
       1.21043       5.27600
       1.22443       5.75000
       1.23843       5.96500
       1.25343       5.99000
       1.26743       5.95500
       1.28143       5.90500
       1.29543       5.73600
       1.31043       5.29900
       1.32443       4.56300
       1.33843       3.69600
       1.35243       2.96300
       1.36743       2.55800
       1.38143       2.50000
       1.39543       2.65700
       1.40943       2.84400
       1.42443       2.92600
       1.43843       2.85500
       1.45243       2.67100
       1.46643       2.44900
       1.48143       2.24100
       1.49543       2.04800
       1.50943       1.82600
       1.52343       1.53700
       1.53843       1.19800
       1.55243       0.88320
       1.56643       0.68130
       1.58043       0.64960
       1.59443       0.79190
       1.60943       1.06600
       1.62343       1.40100
       1.63743       1.70500
       1.65143       1.88300
       1.66643       1.86900
       1.68043       1.65900
       1.69443       1.32800
       1.70843       0.98890
       1.72343       0.74010
       1.73743       0.61290
       1.75143       0.57350
       1.76543       0.56000
       1.78043       0.52790
       1.79443       0.47580
       1.80843       0.44520
       1.82243       0.50530
       1.83743       0.73310
       1.85143       1.19700
       1.86543       1.93600
       1.87943       2.94600
       1.89343       4.15700
       1.90843       5.42000
       1.92243       6.51800
       1.93643       7.20000
       1.95043       7.25700
       1.96543       6.62000
       1.97943       5.41500
       1.99343       3.94400
       2.00743       2.54800
       2.02243       1.47100
       2.03643       0.79650
       2.05043       0.48290
       2.06443       0.43800
       2.07943       0.56560
       2.09343       0.78270
       2.10743       1.03800
       2.12143       1.34200
       2.13643       1.78900
       2.15043       2.50500
       2.16443       3.54600
       2.17843       4.80300
       2.19243       6.00900
       2.20743       6.86400
       2.22143       7.19400
       2.23543       7.03400
       2.24943       6.56600
       2.26443       6.00100
       2.27843       5.49000
       2.29243       5.10300
       2.30643       4.85000
       2.32143       4.70700
       2.33543       4.65400
       2.34943       4.70600
       2.36343       4.90500
       2.37843       5.27800
       2.39243       5.80200
       2.40643       6.41300
       2.42043       7.04300
       2.43543       7.63400
       2.44943       8.10700
       2.46343       8.32400
       2.47743       8.12700
       2.49143       7.43300
       2.50643       6.32900
       2.52043       5.05900
       2.53443       3.91800
       2.54843       3.13700
       2.56343       2.81000
       2.57743       2.90300
       2.59143       3.28500
       2.60543       3.78300
       2.62043       4.23600
       2.63443       4.52400
       2.64843       4.57200
       2.66243       4.36500
       2.67743       3.97300
       2.69143       3.54200
       2.70543       3.23200
       2.71943       3.11000
       2.73443       3.10900
       2.74843       3.09400
       2.76243       2.97600
       2.77643       2.78900
       2.79043       2.65500
       2.80543       2.69500
       2.81943       2.95100
       2.83343       3.36200
       2.84743       3.79800
       2.86243       4.11300
       2.87643       4.19100
       2.89043       4.00600
       2.90443       3.63600
       2.91943       3.23100
       2.93343       2.92900
       2.94743       2.78600
       2.96143       2.75900
       2.97643       2.76400
       2.99043       2.76700
       3.00443       2.82900
       3.01843       3.06900
       3.03343       3.54100
       3.04743       4.15000
       3.06143       4.65300
       3.07543       4.79700
       3.08943       4.47100
       3.10443       3.77700
       3.11843       2.96500
       3.13243       2.29100
       3.14643       1.88900
       3.16143       1.74200
       3.17543       1.72700
       3.18943       1.71200
       3.20343       1.63100
       3.21843       1.50700
       3.23243       1.41200
       3.24643       1.41300
       3.26043       1.53200
       3.27543       1.74600
       3.28943       2.00700
       3.30343       2.26500
       3.31743       2.47100
       3.33243       2.59900
       3.34643       2.66000
       3.36043       2.70400
       3.37443       2.78000
       3.38843       2.90200
       3.40343       3.04500
       3.41743       3.17000
       3.43143       3.27800
       3.44543       3.42600
       3.46043       3.70500
       3.47443       4.18200
       3.48843       4.84000
       3.50243       5.55800
       3.51743       6.14700
       3.53143       6.45400
       3.54543       6.45900
       3.55943       6.33300
       3.57443       6.37400
       3.58843       6.85800
       3.60243       7.86700
       3.61643       9.21900
       3.63143      10.56000
       3.64543      11.55000
       3.65943      12.00000
       3.67343      11.92000
       3.68743      11.45000
       3.70243      10.84000
       3.71643      10.32000
       3.73043      10.14000
       3.74443      10.42000
       3.75943      11.10000
       3.77343      11.94000
       3.78743      12.58000
       3.80143      12.76000
       3.81643      12.43000
       3.83043      11.74000
       3.84443      10.90000
       3.85843      10.10000
       3.87343       9.46100
       3.88743       9.15800
       3.90143       9.38400
       3.91543      10.25000
       3.93043      11.69000
       3.94443      13.41000
       3.95843      15.10000
       3.97243      16.49000
       3.98643      17.44000
       4.00143      17.93000
       4.01543      18.05000
       4.02943      18.04000
       4.04343      18.17000
       4.05843      18.60000
       4.07243      19.36000
       4.08643      20.27000
       4.10043      21.10000
       4.11543      21.53000
       4.12943      21.31000
       4.14343      20.30000
       4.15743      18.56000
       4.17243      16.43000
       4.18643      14.41000
       4.20043      13.00000
       4.21443      12.55000
       4.22943      13.21000
       4.24343      14.99000
       4.25743      17.75000
       4.27143      21.24000
       4.28543      24.96000
       4.30043      28.22000
       4.31443      30.24000
       4.32843      30.42000
       4.34243      28.71000
       4.35743      25.66000
       4.37143      22.19000
       4.38543      19.14000
       4.39943      17.07000
       4.41443      16.35000
       4.42843      17.26000
       4.44243      19.86000
       4.45643      23.67000
       4.47143      27.50000
       4.48543      29.78000
       4.49943      29.43000
       4.51343      26.45000
       4.52843      21.90000
       4.54243      17.19000
       4.55643      13.40000
       4.57043      10.93000
       4.58443       9.61200
       4.59943       9.09100
       4.61343       9.00600
       4.62743       9.07000
       4.64143       9.03700
       4.65643       8.69900
       4.67043       7.96800
       4.68443       6.94800
       4.69843       5.94500
       4.71343       5.36700
       4.72743       5.57000
       4.74143       6.67600
       4.75543       8.46100
       4.77043      10.39000
       4.78443      11.83000
       4.79843      12.35000
       4.81243      11.85000
       4.82743      10.56000
       4.84143       8.88600
       4.85543       7.31400
       4.86943       6.31400
       4.88343       6.24500
       4.89843       7.26200
       4.91243       9.25200
       4.92643      11.83000
       4.94043      14.37000
       4.95543      16.13000
       4.96943      16.46000
       4.98343      15.15000
       4.99743      12.53000
       5.01243       9.30100
       5.02643       6.22200
       5.04043       3.77800
       5.05443       2.12300
       5.06943       1.17100
       5.08343       0.73480
       5.09743       0.64570
       5.11143       0.82280
       5.12643       1.31900
       5.14043       2.30800
       5.15443       3.97000
       5.16843       6.29000
       5.18243       8.89100
       5.19743      11.07000
       5.21143      12.10000
       5.22543      11.64000
       5.23943       9.92100
       5.25443       7.59300
       5.26843       5.32800
       5.28243       3.52900
       5.29643       2.28200
       5.31143       1.49300
       5.32543       1.02800
       5.33943       0.77010
       5.35343       0.63500
       5.36843       0.57320
       5.38243       0.57330
       5.39643       0.64010
       5.41043       0.75940
       5.42543       0.88680
       5.43943       0.97900
       5.45343       1.04300
       5.46743       1.15800
       5.48143       1.44700
       5.49643       2.02100
       5.51043       2.92300
       5.52443       4.08900
       5.53843       5.32600
       5.55343       6.32200
       5.56743       6.75500
       5.58143       6.44400
       5.59543       5.47100
       5.61043       4.16900
       5.62443       2.98200
       5.63843       2.29900
       5.65243       2.36000
       5.66743       3.21700
       5.68143       4.71300
       5.69543       6.46100
       5.70943       7.90400
       5.72443       8.51100
       5.73843       8.03000
       5.75243       6.62500
       5.76643       4.77900
       5.78043       3.03800
       5.79543       1.77700
       5.80943       1.11600
       5.82343       0.97960
       5.83743       1.19000
       5.85243       1.53700
       5.86643       1.83500
       5.88043       1.97800
       5.89443       1.97300
       5.90943       1.90200
       5.92343       1.84500
       5.93743       1.83300
       5.95143       1.86300
       5.96643       1.94900
       5.98043       2.15100
       5.99443       2.56200
       6.00843       3.25000
       6.02343       4.18900
       6.03743       5.21900
       6.05143       6.08700
       6.06543       6.56300
       6.07943       6.56300
       6.09443       6.19300
       6.10843       5.67400
       6.12243       5.18200
       6.13643       4.74200
       6.15143       4.25600
       6.16543       3.63300
       6.17943       2.90400
       6.19343       2.21900
       6.20843       1.75100
       6.22243       1.60000
       6.23643       1.76100
       6.25043       2.14300
       6.26543       2.61100
       6.27943       3.02800
       6.29343       3.29900
       6.30743       3.41000
       6.32243       3.44600
       6.33643       3.55800
       6.35043       3.87400
       6.36443       4.42700
       6.37843       5.13600
       6.39343       5.89100
       6.40743       6.64500
       6.42143       7.45300
       6.43543       8.40600
       6.45043       9.52900
       6.46443      10.72000
       6.47843      11.77000
       6.49243      12.43000
       6.50743      12.54000
       6.52143      12.03000
       6.53543      11.01000
       6.54943       9.79200
       6.56443       8.72500
       6.57843       8.07600
       6.59243       7.89200
       6.60643       8.01200
       6.62143       8.19800
       6.63543       8.28000
       6.64943       8.23900
       6.66343       8.18900
       6.67743       8.29300
       6.69243       8.64600
       6.70643       9.20000
       6.72043       9.78800
       6.73443      10.24000
       6.74943      10.48000
       6.76343      10.63000
       6.77743      10.84000
       6.79143      11.21000
       6.80643      11.70000
       6.82043      12.14000
       6.83443      12.33000
       6.84843      12.12000
       6.86343      11.44000
       6.87743      10.39000
       6.89143       9.17000
       6.90543       8.09000
       6.92043       7.40400
       6.93443       7.22200
       6.94843       7.50400
       6.96243       8.15000
       6.97643       9.05300
       6.99143      10.09000
       7.00543      11.11000
       7.01943      11.90000
       7.03343      12.36000
       7.04843      12.50000
       7.06243      12.44000
       7.07643      12.34000
       7.09043      12.30000
       7.10543      12.38000
       7.11943      12.58000
       7.13343      12.91000
       7.14743      13.31000
       7.16243      13.67000
       7.17643      13.79000
       7.19043      13.54000
       7.20443      12.89000
       7.21943      11.93000
       7.23343      10.77000
       7.24743       9.45300
       7.26143       7.98600
       7.27543       6.44400
       7.29043       5.00000
       7.30443       3.85400
       7.31843       3.10900
       7.33243       2.73100
       7.34743       2.59600
       7.36143       2.58200
       7.37543       2.60500
       7.38943       2.63000
       7.40443       2.66200
       7.41843       2.74200
       7.43243       2.91400
       7.44643       3.19300
       7.46143       3.52900
       7.47543       3.82400
       7.48943       3.96300
       7.50343       3.84100
       7.51843       3.41600
       7.53243       2.73800
       7.54643       1.95000
       7.56043       1.22000
       7.57443       0.66630
       7.58943       0.31570
       7.60343       0.12930
       7.61743       0.04567
       7.63143       0.01388
       7.64643       0.00363
       7.66043       0.00081
       7.67443       0.00016
       7.68843       0.00003
       7.70343       0.00000
       7.71743       0.00000
       7.73143       0.00000
       7.74543       0.00000
       7.76043       0.00000
       7.77443       0.00000
       7.78843       0.00000
       7.80243       0.00000
       7.81743       0.00000
       7.83143       0.00000
       7.84543       0.00000
       7.85943       0.00000
       7.87343       0.00000
       7.88843       0.00000
       7.90243       0.00000
       7.91643       0.00000
       7.93043       0.00000
       7.94543       0.00000
       7.95943       0.00000
       7.97343       0.00000
       7.98743       0.00000
       8.00243       0.00000
       8.01643       0.00000
       8.03043       0.00000
       8.04443       0.00000
       8.05943       0.00000
       8.07343       0.00000
       8.08743       0.00000
       8.10143       0.00000
       8.11643       0.00000
       8.13043       0.00000
       8.14443       0.00000
       8.15843       0.00000
       8.17243       0.00000
       8.18743       0.00000
       8.20143       0.00000
       8.21543       0.00000
       8.22943       0.00000
       8.24443       0.00000
       8.25843       0.00000
       8.27243       0.00000
       8.28643       0.00000
       8.30143       0.00000
       8.31543       0.00000
       8.32943       0.00000
       8.34343       0.00000
       8.35843       0.00000
       8.37243       0.00000
       8.38643       0.00000
       8.40043       0.00000
       8.41543       0.00000
       8.42943       0.00000
       8.44343       0.00000
       8.45743       0.00000
       8.47143       0.00000
       8.48643       0.00000
       8.50043       0.00000
       8.51443       0.00000
       8.52843       0.00000
       8.54343       0.00000
       8.55743       0.00000
       8.57143       0.00000
       8.58543       0.00000
       8.60043       0.00000
       8.61443       0.00000
       8.62843       0.00000
       8.64243       0.00000
       8.65743       0.00000
       8.67143       0.00000
       8.68543       0.00000
       8.69943       0.00000
       8.71443       0.00000
       8.72843       0.00000
       8.74243       0.00000
       8.75643       0.00000
       8.77043       0.00000
       8.78543       0.00000
       8.79943       0.00000
       8.81343       0.00000
